001110100001001000110101100001
100110100000010110101111010010
100000010001001001000000000000
101001000001001101101010100111
100000010000101001101000000000
101000000110001010000100000100
100000001011001000110100001000
100010010110101011000010001100
010000001000000001000100000000
001001110100011000000000011010
110100101101001010000010000000
110100001001001011000011000100
000001000000100001001100110010
011000010000011101001000000001
011010000010011000110011010001
100001000010001100001100001000
110001000010000000000000000000
000000100000011001000101011000
000100011100010010001001010010
001000101000011000010100010001
000101000100000110000010001101
000101000100010101000011000101
000000100000000100000110001100
000000100110100010101011111000
000001101001101001010111000000
100000000000000000100000001001
100100010100100010010001001100
010001000011100001000000000001
011000110110000000000000100000
000000110111001100000000101010
